[gd_scene load_steps=55 format=3 uid="uid://06s5ka43cdbc"]

[ext_resource type="Script" path="res://misc/tscn/a_main.gd" id="1_80t28"]
[ext_resource type="Texture2D" uid="uid://g3i37gm1h4px" path="res://environment/overcast_soil_puresky_4k.exr" id="1_rmshx"]
[ext_resource type="PackedScene" uid="uid://ui6yxjaoto5r" path="res://Dice/die.tscn" id="2_jmah0"]
[ext_resource type="Script" path="res://Tiles/tile.gd" id="3_3pdl5"]
[ext_resource type="PackedScene" uid="uid://deohpkwi5s7uf" path="res://Tiles/default_tile.tscn" id="4_jtt6g"]
[ext_resource type="Script" path="res://misc/gd/cam.gd" id="5_a885l"]
[ext_resource type="PackedScene" uid="uid://bus83smxdui76" path="res://House/tscn/house.tscn" id="6_j58a5"]
[ext_resource type="Texture2D" uid="uid://6po1pv23ri4d" path="res://images/3275748.png" id="8_5ucd0"]
[ext_resource type="Script" path="res://misc/tscn/ui.gd" id="8_n8lb0"]
[ext_resource type="Texture2D" uid="uid://ctdrbe65da6ty" path="res://images/6517575.png" id="9_8mmc4"]
[ext_resource type="PackedScene" uid="uid://cdqjxkpsa0wrw" path="res://Roads/tscn/road.tscn" id="9_wtehx"]
[ext_resource type="Texture2D" uid="uid://stl8ywlbvtjm" path="res://images/9410659.png" id="10_q1sci"]
[ext_resource type="Texture2D" uid="uid://dj46rllr15do8" path="res://images/3662282.png" id="11_snv1k"]
[ext_resource type="Texture2D" uid="uid://de5krmflub4d5" path="res://images/8043428.png" id="12_4tx01"]
[ext_resource type="Texture2D" uid="uid://dqwswnplu0x52" path="res://images/1027961.png" id="13_rsdm6"]
[ext_resource type="Script" path="res://UI/house_button.gd" id="14_t8qbu"]
[ext_resource type="Script" path="res://UI/road_button.gd" id="15_s2p7d"]
[ext_resource type="Script" path="res://addons/proton_scatter/src/scatter.gd" id="17_3xfxj"]
[ext_resource type="Script" path="res://addons/proton_scatter/src/stack/modifier_stack.gd" id="18_5gp14"]
[ext_resource type="Material" uid="uid://vbo6osrunorh" path="res://environment/material/floor.tres" id="18_8cyvr"]
[ext_resource type="Script" path="res://addons/proton_scatter/src/scatter_item.gd" id="19_ho3oq"]
[ext_resource type="Script" path="res://addons/proton_scatter/src/scatter_shape.gd" id="20_jr63q"]
[ext_resource type="Script" path="res://addons/proton_scatter/src/modifiers/create_inside_random.gd" id="21_uroud"]
[ext_resource type="Script" path="res://addons/proton_scatter/src/modifiers/randomize_transforms.gd" id="22_vmxtf"]
[ext_resource type="Script" path="res://addons/proton_scatter/src/modifiers/relax.gd" id="23_6if16"]
[ext_resource type="Script" path="res://addons/proton_scatter/src/modifiers/project_on_geometry.gd" id="24_p4ete"]
[ext_resource type="Script" path="res://addons/proton_scatter/src/shapes/box_shape.gd" id="27_65c6p"]
[ext_resource type="Script" path="res://addons/proton_scatter/src/shapes/path_shape.gd" id="28_srf7x"]
[ext_resource type="LightmapGIData" uid="uid://caenhd3d1r2fa" path="res://misc/tscn/plspls.lmbake" id="29_ox13v"]
[ext_resource type="PackedScene" uid="uid://h886d0wyhtll" path="res://pause_menu.tscn" id="30_vy8ey"]

[sub_resource type="PanoramaSkyMaterial" id="PanoramaSkyMaterial_uhkbh"]
panorama = ExtResource("1_rmshx")

[sub_resource type="Sky" id="Sky_8hjb8"]
sky_material = SubResource("PanoramaSkyMaterial_uhkbh")

[sub_resource type="Environment" id="Environment_6fu01"]
background_mode = 2
sky = SubResource("Sky_8hjb8")
tonemap_mode = 2
ssao_enabled = true
ssao_radius = 2.0
ssao_intensity = 8.0

[sub_resource type="Resource" id="Resource_78kcb"]
script = ExtResource("21_uroud")
amount = 5000
enabled = true
override_global_seed = false
custom_seed = 0
restrict_height = true
reference_frame = 1

[sub_resource type="Resource" id="Resource_ja5fw"]
script = ExtResource("22_vmxtf")
position = Vector3(0.15, 0.15, 0.15)
rotation = Vector3(5, 360, 5)
scale = Vector3(12, 12, 12)
enabled = true
override_global_seed = false
custom_seed = 0
restrict_height = false
reference_frame = 2

[sub_resource type="Resource" id="Resource_tnqvm"]
script = ExtResource("23_6if16")
iterations = 3
offset_step = 0.2
consecutive_step_multiplier = 0.75
use_computeshader = true
enabled = true
override_global_seed = false
custom_seed = 0
restrict_height = true
reference_frame = 0

[sub_resource type="Resource" id="Resource_6luyl"]
script = ExtResource("24_p4ete")
ray_direction = Vector3(0, -1, 0)
ray_length = 5.0
ray_offset = 5.0
remove_points_on_miss = false
align_with_collision_normal = false
max_slope = 90.0
collision_mask = 1
exclude_mask = 0
enabled = false
override_global_seed = false
custom_seed = 0
restrict_height = false
reference_frame = 0

[sub_resource type="Resource" id="Resource_t0a0g"]
script = ExtResource("18_5gp14")
stack = Array[Resource("res://addons/proton_scatter/src/modifiers/base_modifier.gd")]([SubResource("Resource_78kcb"), SubResource("Resource_ja5fw"), SubResource("Resource_tnqvm"), SubResource("Resource_6luyl")])

[sub_resource type="Resource" id="Resource_vkdeo"]
script = ExtResource("27_65c6p")
size = Vector3(352.27, 163.193, 352.547)

[sub_resource type="Curve3D" id="Curve3D_s1m6n"]
_data = {
"points": PackedVector3Array(0, 0, 0, 0, 0, 0, 7.00145, -5.84126e-06, -39.8885, 0, 0, 0, 0, 0, 0, 0.082356, -5.84126e-06, -36.4725, 0, 0, 0, 0, 0, 0, -0.0780938, -5.84126e-06, -29.1475, 0, 0, 0, 0, 0, 0, -6.40835, -5.84126e-06, -25.3421, 0, 0, 0, 0, 0, 0, -12.6965, -5.84126e-06, -29.2368, 0, 0, 0, 0, 0, 0, -19.0498, -5.84126e-06, -25.4727, 0, 0, 0, 0, 0, 0, -19.1402, -5.84126e-06, -17.8699, 0, 0, 0, 0, 0, 0, -12.7651, -5.84126e-06, -14.1928, 0, 0, 0, 0, 0, 0, -12.7979, -5.84126e-06, -6.99729, 0, 0, 0, 0, 0, 0, -19.086, -5.84126e-06, -3.32017, 0, 0, 0, 0, 0, 0, -19.1067, -5.84126e-06, 4.14724, 0, 0, 0, 0, 0, 0, -12.7316, -5.84126e-06, 7.88964, 0, 0, 0, 0, 0, 0, -12.6688, -5.84126e-06, 15.0925, 0, 0, 0, 0, 0, 0, -19.1962, -5.84126e-06, 18.9002, 0, 0, 0, 0, 0, 0, -19.1092, -5.84126e-06, 26.3197, 0, 0, 0, 0, 0, 0, -12.6853, -5.84126e-06, 29.8737, 0, 0, 0, 0, 0, 0, -6.48271, -5.84126e-06, 26.1894, 0, 0, 0, 0, 0, 0, 0.232884, -5.84126e-06, 29.827, 0, 0, 0, 0, 0, 0, 6.29556, -5.84126e-06, 26.1428, 0, 0, 0, 0, 0, 0, 12.7313, -5.84126e-06, 30.1068, 0, 0, 0, 0, 0, 0, 12.9179, -5.84126e-06, 37.2888, 0, 0, 0, 0, 0, 0, 6.58393, -5.84126e-06, 41.0242, 0, 0, 0, 0, 0, 0, 6.44402, -5.84126e-06, 48.4393, 0, 0, 0, 0, 0, 0, 0.0548878, -5.84126e-06, 52.1235, 0, 0, 0, 0, 0, 0, -6.38089, -5.84126e-06, 48.2061, 0, 0, 0, 0, 0, 0, -6.42752, -5.84126e-06, 41.304, 0, 0, 0, 0, 0, 0, -12.77, -5.84126e-06, 37.5265, 0, 0, 0, 0, 0, 0, -19.0192, -5.84126e-06, 41.304, 0, 0, 0, 0, 0, 0, -19.2524, -5.84126e-06, 48.2528, 0, 0, 0, 0, 0, 0, -25.455, -5.84126e-06, 51.8904, 0, 0, 0, 0, 0, 0, -25.5017, -5.84126e-06, 59.492, 0, 0, 0, 0, 0, 0, -32.0307, -5.84126e-06, 63.3162, 0, 0, 0, 0, 0, 0, -31.9429, -5.84126e-06, 70.6087, 0, 0, 0, 0, 0, 0, -25.4148, -5.84126e-06, 74.2115, 0, 0, 0, 0, 0, 0, -19.1023, -5.84126e-06, 70.7011, 0, 0, 0, 0, 0, 0, -12.6666, -5.84126e-06, 74.3039, 0, 0, 0, 0, 0, 0, -6.60038, -5.84126e-06, 70.5471, 0, 0, 0, 0, 0, 0, 0.112469, -5.84126e-06, 74.3347, 0, 0, 0, 0, 0, 0, 6.36342, -5.84126e-06, 70.5779, 0, 0, 0, 0, 0, 0, 12.8861, -5.84126e-06, 74.3023, 0, 0, 0, 0, 0, 0, 19.0754, -5.84126e-06, 70.6687, 0, 0, 0, 0, 0, 0, 25.4804, -5.84126e-06, 74.2715, 0, 0, 0, 0, 0, 0, 25.5419, -5.84126e-06, 81.4462, 0, 0, 0, 0, 0, 0, 19.3218, -5.84126e-06, 85.0182, 0, 0, 0, 0, 0, 0, 18.9861, -5.84126e-06, 92.6234, 0, 0, 0, 0, 0, 0, 12.8275, -5.84126e-06, 96.2262, 0, 0, 0, 0, 0, 0, 12.7967, -5.84126e-06, 103.678, 0, 0, 0, 0, 0, 0, 19.2017, -5.84126e-06, 107.219, 0, 0, 0, 0, 0, 0, 19.1401, -5.84126e-06, 114.733, 0, 0, 0, 0, 0, 0, 25.5758, -5.84126e-06, 118.305, 0, 0, 0, 0, 0, 0, 31.9191, -5.84126e-06, 114.794, 0, 0, 0, 0, 0, 0, 38.3548, -5.84126e-06, 118.459, 0, 0, 0, 0, 0, 0, 44.7289, -5.84126e-06, 114.825, 0, 0, 0, 0, 0, 0, 44.7597, -5.84126e-06, 107.281, 0, 0, 0, 0, 0, 0, 51.1339, -5.84126e-06, 103.586, 0, 0, 0, 0, 0, 0, 51.0415, -5.84126e-06, 96.3186, 0, 0, 0, 0, 0, 0, 57.508, -5.84126e-06, 92.7158, 0, 0, 0, 0, 0, 0, 57.5813, -5.84126e-06, 85.3636, 0, 0, 0, 0, 0, 0, 51.084, -5.84126e-06, 81.4529, 0, 0, 0, 0, 0, 0, 44.5559, -5.84126e-06, 85.2096, 0, 0, 0, 0, 0, 0, 38.4589, -5.84126e-06, 81.6684, 0, 0, 0, 0, 0, 0, 38.5513, -5.84126e-06, 74.2165, 0, 0, 0, 0, 0, 0, 32.0628, -5.84126e-06, 70.2747, 0, 0, 0, 0, 0, 0, 31.9396, -5.84126e-06, 63.1615, 0, 0, 0, 0, 0, 0, 38.4369, -5.84126e-06, 59.4664, 0, 0, 0, 0, 0, 0, 38.5601, -5.84126e-06, 52.1069, 0, 0, 0, 0, 0, 0, 31.9499, -5.84126e-06, 48.2257, 0, 0, 0, 0, 0, 0, 32.1114, -5.84126e-06, 41.0688, 0, 0, 0, 0, 0, 0, 25.6539, -5.84126e-06, 37.4095, 0, 0, 0, 0, 0, 0, 25.7805, -5.84126e-06, 29.9436, 0, 0, 0, 0, 0, 0, 31.9163, -5.84126e-06, 26.2882, 0, 0, 0, 0, 0, 0, 38.3784, -5.84126e-06, 29.9654, 0, 0, 0, 0, 0, 0, 44.6503, -5.84126e-06, 26.2748, 0, 0, 0, 0, 0, 0, 51.069, -5.84126e-06, 29.9955, 0, 0, 0, 0, 0, 0, 57.4664, -5.84126e-06, 26.3594, 0, 0, 0, 0, 0, 0, 57.5878, -5.84126e-06, 18.9425, 0, 0, 0, 0, 0, 0, 51.0881, -5.84126e-06, 15.0511, 0, 0, 0, 0, 0, 0, 51.1338, -5.84126e-06, 7.86451, 0, 0, 0, 0, 0, 0, 57.509, -5.84126e-06, 4.25266, 0, 0, 0, 0, 0, 0, 57.6087, -5.84126e-06, -3.17004, 0, 0, 0, 0, 0, 0, 51.0595, -5.84126e-06, -6.95595, 0, 0, 0, 0, 0, 0, 51.1895, -5.84126e-06, -14.349, 0, 0, 0, 0, 0, 0, 44.7491, -5.84126e-06, -18.1567, 0, 0, 0, 0, 0, 0, 38.1999, -5.84126e-06, -14.4361, 0, 0, 0, 0, 0, 0, 38.2095, -5.84126e-06, -6.96445, 0, 0, 0, 0, 0, 0, 31.8779, -5.84126e-06, -3.30908, 0, 0, 0, 0, 0, 0, 25.589, -5.84126e-06, -6.95771, 0, 0, 0, 0, 0, 0, 19.1486, -5.84126e-06, -3.32411, 0, 0, 0, 0, 0, 0, 12.7952, -5.84126e-06, -7.00123, 0, 0, 0, 0, 0, 0, 12.7903, -5.84126e-06, -14.3203, 0, 0, 0, 0, 0, 0, 19.2089, -5.84126e-06, -17.9539, 0, 0, 0, 0, 0, 0, 19.273, -5.84126e-06, -25.2453, 0, 0, 0, 0, 0, 0, 12.8109, -5.84126e-06, -29.0965, 0, 0, 0, 0, 0, 0, 12.9632, -5.84126e-06, -36.4072, 0, 0, 0, 0, 0, 0, 6.50101, -5.84126e-06, -40.2584),
"tilts": PackedFloat32Array(0, 0, 0, 0, 0, 0, 0, 0, 0, 0, 0, 0, 0, 0, 0, 0, 0, 0, 0, 0, 0, 0, 0, 0, 0, 0, 0, 0, 0, 0, 0, 0, 0, 0, 0, 0, 0, 0, 0, 0, 0, 0, 0, 0, 0, 0, 0, 0, 0, 0, 0, 0, 0, 0, 0, 0, 0, 0, 0, 0, 0, 0, 0, 0, 0, 0, 0, 0, 0, 0, 0, 0, 0, 0, 0, 0, 0, 0, 0, 0, 0, 0, 0, 0, 0, 0, 0, 0, 0, 0, 0, 0, 0, 0, 0)
}
point_count = 95

[sub_resource type="Resource" id="Resource_k0j23"]
script = ExtResource("28_srf7x")
closed = true
thickness = 5.0
curve = SubResource("Curve3D_s1m6n")

[sub_resource type="BoxShape3D" id="BoxShape3D_vq0ci"]
size = Vector3(17.0289, 1, 17.7095)

[sub_resource type="PhysicsMaterial" id="PhysicsMaterial_mp05r"]
bounce = 1.0

[sub_resource type="BoxShape3D" id="BoxShape3D_pc74m"]
size = Vector3(1, 20, 8.56201)

[sub_resource type="Gradient" id="Gradient_bqj31"]
colors = PackedColorArray(1, 1, 1, 0, 0.168627, 0.168627, 0.168627, 0.396078)

[sub_resource type="GradientTexture2D" id="GradientTexture2D_ns6x0"]
gradient = SubResource("Gradient_bqj31")
fill = 1
fill_from = Vector2(0.510684, 0.523504)

[sub_resource type="StyleBoxFlat" id="StyleBoxFlat_e31d6"]
bg_color = Color(0.168627, 0.168627, 0.168627, 1)
corner_radius_top_left = 100
corner_radius_top_right = 100
corner_radius_bottom_right = 100
corner_radius_bottom_left = 100

[sub_resource type="StyleBoxFlat" id="StyleBoxFlat_n2gi1"]
bg_color = Color(0.168627, 0.168627, 0.168627, 1)
corner_radius_top_left = 10
corner_radius_top_right = 10
corner_radius_bottom_right = 10
corner_radius_bottom_left = 10

[sub_resource type="StyleBoxFlat" id="StyleBoxFlat_ff1bk"]
bg_color = Color(0.169, 0.169, 0.169, 0.5)
corner_radius_top_left = 30
corner_radius_top_right = 30
corner_radius_bottom_right = 30
corner_radius_bottom_left = 30

[sub_resource type="StyleBoxFlat" id="StyleBoxFlat_rf3yf"]
bg_color = Color(0.917647, 0.917647, 0.917647, 1)
corner_radius_top_left = 100
corner_radius_top_right = 100
corner_radius_bottom_right = 100
corner_radius_bottom_left = 100

[sub_resource type="StyleBoxFlat" id="StyleBoxFlat_jgtgc"]
bg_color = Color(1, 1, 1, 1)
corner_radius_top_left = 100
corner_radius_top_right = 100
corner_radius_bottom_right = 100
corner_radius_bottom_left = 100

[sub_resource type="StyleBoxFlat" id="StyleBoxFlat_fim2l"]
bg_color = Color(0.917647, 0.917647, 0.917647, 1)
corner_radius_top_left = 100
corner_radius_top_right = 100
corner_radius_bottom_right = 100
corner_radius_bottom_left = 100

[sub_resource type="Theme" id="Theme_7tqr6"]
Button/styles/hover = SubResource("StyleBoxFlat_rf3yf")
Button/styles/normal = SubResource("StyleBoxFlat_jgtgc")
Button/styles/pressed = SubResource("StyleBoxFlat_fim2l")

[sub_resource type="StyleBoxFlat" id="StyleBoxFlat_1fkop"]
bg_color = Color(0.840752, 0.368124, 0.222699, 1)
corner_radius_top_left = 100
corner_radius_top_right = 100
corner_radius_bottom_right = 100
corner_radius_bottom_left = 100

[node name="Game" type="Node3D"]
script = ExtResource("1_80t28")

[node name="Environment" type="Node3D" parent="."]

[node name="WorldEnvironment" type="WorldEnvironment" parent="Environment"]
environment = SubResource("Environment_6fu01")

[node name="ProtonScatter" type="Node3D" parent="Environment"]
transform = Transform3D(1, 0, 0, 0, 1, 0, 0, 0, 1, 0, -1.7185, 0)
script = ExtResource("17_3xfxj")
modifier_stack = SubResource("Resource_t0a0g")
Performance/use_chunks = true
Performance/chunk_dimensions = Vector3(15, 15, 15)

[node name="ScatterItem" type="Node3D" parent="Environment/ProtonScatter"]
script = ExtResource("19_ho3oq")
proportion = 30
path = "res://addons/proton_scatter/demos/assets/bush.tscn"

[node name="ScatterItem2" type="Node3D" parent="Environment/ProtonScatter"]
script = ExtResource("19_ho3oq")
proportion = 50
path = "res://addons/proton_scatter/demos/assets/small_rock.tscn"

[node name="ScatterItem3" type="Node3D" parent="Environment/ProtonScatter"]
script = ExtResource("19_ho3oq")
proportion = 20
path = "res://addons/proton_scatter/demos/assets/pine_tree.tscn"

[node name="ScatterShape" type="Node3D" parent="Environment/ProtonScatter"]
script = ExtResource("20_jr63q")
shape = SubResource("Resource_vkdeo")

[node name="ScatterShape2" type="Node3D" parent="Environment/ProtonScatter"]
transform = Transform3D(1, 0, 0, 0, 1, 0, 0, 0, 1, 0, 0, -0.429142)
script = ExtResource("20_jr63q")
negative = true
shape = SubResource("Resource_k0j23")

[node name="CSGBox3D" type="CSGBox3D" parent="Environment"]
transform = Transform3D(1, 0, 0, 0, 1, 0, 0, 0, 1, 0, -2.16479, 0)
material_override = ExtResource("18_8cyvr")
size = Vector3(350, 1, 350)

[node name="DirectionalLight3D" type="DirectionalLight3D" parent="Environment"]
transform = Transform3D(0.754232, -0.0553991, 0.654267, -0.307935, -0.909904, 0.277939, 0.579923, -0.411102, -0.703338, 0.812747, 41.898, -27.6184)
visible = false
light_bake_mode = 1
shadow_enabled = true

[node name="Camera3D" type="Camera3D" parent="Environment"]
transform = Transform3D(1, -3.48787e-16, 3.48787e-16, 3.48787e-16, 1, -3.48787e-16, -3.48787e-16, 3.48787e-16, 1, 15, 15, 50)
fov = 90.0
script = ExtResource("5_a885l")

[node name="dice" type="Node3D" parent="."]

[node name="Die" parent="dice" instance=ExtResource("2_jmah0")]
transform = Transform3D(1, 0, 0, 0, 1, 0, 0, 0, 1, 18.7207, 2, 11.441)
collision_layer = 0

[node name="Die2" parent="dice" instance=ExtResource("2_jmah0")]
collision_layer = 0

[node name="Dice 1 Border" type="Node3D" parent="dice"]

[node name="table" type="StaticBody3D" parent="dice/Dice 1 Border"]
collision_layer = 32768
collision_mask = 0

[node name="CollisionShape3D" type="CollisionShape3D" parent="dice/Dice 1 Border/table"]
transform = Transform3D(1, 0, 0, 0, 1, 0, 0, 0, 1, -0.158264, -4.06026, 0.284912)
shape = SubResource("BoxShape3D_vq0ci")

[node name="wall" type="StaticBody3D" parent="dice/Dice 1 Border"]
transform = Transform3D(1, 0, 0, 0, 1, 0, 0, 0, 1, -6.82669, 4.91051, 0)
collision_layer = 32768
collision_mask = 0
physics_material_override = SubResource("PhysicsMaterial_mp05r")

[node name="CollisionShape3D" type="CollisionShape3D" parent="dice/Dice 1 Border/wall"]
transform = Transform3D(1, 0, 0, 0, 1, 0, 0, 0, 1, 0, 0, -0.0178223)
shape = SubResource("BoxShape3D_pc74m")

[node name="wall2" type="StaticBody3D" parent="dice/Dice 1 Border"]
transform = Transform3D(1, 0, 0, 0, 1, 0, 0, 0, 1, 6.9243, 4.91051, 0)
collision_layer = 32768
collision_mask = 0
physics_material_override = SubResource("PhysicsMaterial_mp05r")

[node name="CollisionShape3D" type="CollisionShape3D" parent="dice/Dice 1 Border/wall2"]
transform = Transform3D(1, 0, 0, 0, 1, 0, 0, 0, 1, 0, 0, -0.0178223)
shape = SubResource("BoxShape3D_pc74m")

[node name="wall3" type="StaticBody3D" parent="dice/Dice 1 Border"]
transform = Transform3D(0.5, 0, -0.866025, 0, 1, 0, 0.866025, 0, 0.5, 3.37649, 4.91051, 6.0166)
collision_layer = 32768
collision_mask = 0
physics_material_override = SubResource("PhysicsMaterial_mp05r")

[node name="CollisionShape3D" type="CollisionShape3D" parent="dice/Dice 1 Border/wall3"]
transform = Transform3D(1, 0, 0, 0, 1, 0, 0, 0, 1, 0, 0, -0.0178223)
shape = SubResource("BoxShape3D_pc74m")

[node name="wall4" type="StaticBody3D" parent="dice/Dice 1 Border"]
transform = Transform3D(0.5, 0, -0.866025, 0, 1, 0, 0.866025, 0, 0.5, -3.24436, 4.91051, -6.2583)
collision_layer = 32768
collision_mask = 0
physics_material_override = SubResource("PhysicsMaterial_mp05r")

[node name="CollisionShape3D" type="CollisionShape3D" parent="dice/Dice 1 Border/wall4"]
transform = Transform3D(1, 0, 0, 0, 1, 0, 0, 0, 1, 0, 0, -0.0178223)
shape = SubResource("BoxShape3D_pc74m")

[node name="wall5" type="StaticBody3D" parent="dice/Dice 1 Border"]
transform = Transform3D(0.5, 0, 0.866025, 0, 1, 0, -0.866025, 0, 0.5, -3.31341, 4.91051, 5.98207)
collision_layer = 32768
collision_mask = 0
physics_material_override = SubResource("PhysicsMaterial_mp05r")

[node name="CollisionShape3D" type="CollisionShape3D" parent="dice/Dice 1 Border/wall5"]
transform = Transform3D(1, 0, 0, 0, 1, 0, 0, 0, 1, 0, 0, -0.0178223)
shape = SubResource("BoxShape3D_pc74m")

[node name="wall6" type="StaticBody3D" parent="dice/Dice 1 Border"]
transform = Transform3D(0.5, 0, 0.866025, 0, 1, 0, -0.866025, 0, 0.5, 3.16069, 4.91051, -6.15471)
collision_layer = 32768
collision_mask = 0
physics_material_override = SubResource("PhysicsMaterial_mp05r")

[node name="CollisionShape3D" type="CollisionShape3D" parent="dice/Dice 1 Border/wall6"]
transform = Transform3D(1, 0, 0, 0, 1, 0, 0, 0, 1, 0, 0, -0.0178223)
shape = SubResource("BoxShape3D_pc74m")

[node name="Dice 2 Border" type="Node3D" parent="dice"]
transform = Transform3D(1, 0, 0, 0, 1, 0, 0, 0, 1, 19.2967, 0, 11.0935)

[node name="table" type="StaticBody3D" parent="dice/Dice 2 Border"]
collision_layer = 32768
collision_mask = 0

[node name="CollisionShape3D" type="CollisionShape3D" parent="dice/Dice 2 Border/table"]
transform = Transform3D(1, 0, 0, 0, 1, 0, 0, 0, 1, -0.158264, -4.06026, 0.284912)
shape = SubResource("BoxShape3D_vq0ci")

[node name="wall" type="StaticBody3D" parent="dice/Dice 2 Border"]
transform = Transform3D(1, 0, 0, 0, 1, 0, 0, 0, 1, -6.82669, 4.91051, 0)
collision_layer = 32768
collision_mask = 0
physics_material_override = SubResource("PhysicsMaterial_mp05r")

[node name="CollisionShape3D" type="CollisionShape3D" parent="dice/Dice 2 Border/wall"]
transform = Transform3D(1, 0, 0, 0, 1, 0, 0, 0, 1, 0, 0, -0.0178223)
shape = SubResource("BoxShape3D_pc74m")

[node name="wall2" type="StaticBody3D" parent="dice/Dice 2 Border"]
transform = Transform3D(1, 0, 0, 0, 1, 0, 0, 0, 1, 6.9243, 4.91051, 0)
collision_layer = 32768
collision_mask = 0
physics_material_override = SubResource("PhysicsMaterial_mp05r")

[node name="CollisionShape3D" type="CollisionShape3D" parent="dice/Dice 2 Border/wall2"]
transform = Transform3D(1, 0, 0, 0, 1, 0, 0, 0, 1, 0, 0, -0.0178223)
shape = SubResource("BoxShape3D_pc74m")

[node name="wall3" type="StaticBody3D" parent="dice/Dice 2 Border"]
transform = Transform3D(0.5, 0, -0.866025, 0, 1, 0, 0.866025, 0, 0.5, 3.37649, 4.91051, 6.0166)
collision_layer = 32768
collision_mask = 0
physics_material_override = SubResource("PhysicsMaterial_mp05r")

[node name="CollisionShape3D" type="CollisionShape3D" parent="dice/Dice 2 Border/wall3"]
transform = Transform3D(1, 0, 0, 0, 1, 0, 0, 0, 1, 0, 0, -0.0178223)
shape = SubResource("BoxShape3D_pc74m")

[node name="wall4" type="StaticBody3D" parent="dice/Dice 2 Border"]
transform = Transform3D(0.5, 0, -0.866025, 0, 1, 0, 0.866025, 0, 0.5, -3.24436, 4.91051, -6.2583)
collision_layer = 32768
collision_mask = 0
physics_material_override = SubResource("PhysicsMaterial_mp05r")

[node name="CollisionShape3D" type="CollisionShape3D" parent="dice/Dice 2 Border/wall4"]
transform = Transform3D(1, 0, 0, 0, 1, 0, 0, 0, 1, 0, 0, -0.0178223)
shape = SubResource("BoxShape3D_pc74m")

[node name="wall5" type="StaticBody3D" parent="dice/Dice 2 Border"]
transform = Transform3D(0.5, 0, 0.866025, 0, 1, 0, -0.866025, 0, 0.5, -3.31341, 4.91051, 5.98207)
collision_layer = 32768
collision_mask = 0
physics_material_override = SubResource("PhysicsMaterial_mp05r")

[node name="CollisionShape3D" type="CollisionShape3D" parent="dice/Dice 2 Border/wall5"]
transform = Transform3D(1, 0, 0, 0, 1, 0, 0, 0, 1, 0, 0, -0.0178223)
shape = SubResource("BoxShape3D_pc74m")

[node name="wall6" type="StaticBody3D" parent="dice/Dice 2 Border"]
transform = Transform3D(0.5, 0, 0.866025, 0, 1, 0, -0.866025, 0, 0.5, 3.16069, 4.91051, -6.15471)
collision_layer = 32768
collision_mask = 0
physics_material_override = SubResource("PhysicsMaterial_mp05r")

[node name="CollisionShape3D" type="CollisionShape3D" parent="dice/Dice 2 Border/wall6"]
transform = Transform3D(1, 0, 0, 0, 1, 0, 0, 0, 1, 0, 0, -0.0178223)
shape = SubResource("BoxShape3D_pc74m")

[node name="tiles" type="Node3D" parent="."]
metadata/_edit_lock_ = true

[node name="all_tiles" type="Node3D" parent="tiles"]
unique_name_in_owner = true
script = ExtResource("3_3pdl5")

[node name="Tile3" parent="tiles/all_tiles" instance=ExtResource("4_jtt6g")]
transform = Transform3D(1, 0, 0, 0, 1, 0, 0, 0, 1, 6.42447, 0, -11.0711)

[node name="Tile6" parent="tiles/all_tiles" instance=ExtResource("4_jtt6g")]
transform = Transform3D(1, 0, 0, 0, 1, 0, 0, 0, 1, 0.047533, 0, -22.1203)

[node name="Tile9" parent="tiles/all_tiles" instance=ExtResource("4_jtt6g")]
transform = Transform3D(1, 0, 0, 0, 1, 0, 0, 0, 1, -12.708, 0, 0)

[node name="Tile10" parent="tiles/all_tiles" instance=ExtResource("4_jtt6g")]
transform = Transform3D(1, 0, 0, 0, 1, 0, 0, 0, 1, -6.3311, 0, -11.0711)

[node name="Tile11" parent="tiles/all_tiles" instance=ExtResource("4_jtt6g")]
transform = Transform3D(1, 0, 0, 0, 1, 0, 0, 0, 1, -12.708, 0, -22.1203)

[node name="Tile7" parent="tiles/all_tiles" instance=ExtResource("4_jtt6g")]
transform = Transform3D(1, 0, 0, 0, 1, 0, 0, 0, 1, 12.7984, 0, -22.1203)

[node name="Tile8" parent="tiles/all_tiles" instance=ExtResource("4_jtt6g")]
transform = Transform3D(1, 0, 0, 0, 1, 0, 0, 0, 1, 6.42447, 0, -33.1914)

[node name="Tile4" parent="tiles/all_tiles" instance=ExtResource("4_jtt6g")]
transform = Transform3D(1, 0, 0, 0, 1, 0, 0, 0, 1, 25.5535, 0, 0)

[node name="Tile13" parent="tiles/all_tiles" instance=ExtResource("4_jtt6g")]
transform = Transform3D(1, 0, 0, 0, 1, 0, 0, 0, 1, 12.7984, 0, 22.1255)

[node name="Tile15" parent="tiles/all_tiles" instance=ExtResource("4_jtt6g")]
transform = Transform3D(1, 0, 0, 0, 1, 0, 0, 0, 1, -12.708, 0, 22.1255)

[node name="Tile16" parent="tiles/all_tiles" instance=ExtResource("4_jtt6g")]
transform = Transform3D(1, 0, 0, 0, 1, 0, 0, 0, 1, -6.3311, 0, 11.0543)

[node name="Tile17" parent="tiles/all_tiles" instance=ExtResource("4_jtt6g")]
transform = Transform3D(1, 0, 0, 0, 1, 0, 0, 0, 1, 25.5535, 0, 22.1255)

[node name="Tile19" parent="tiles/all_tiles" instance=ExtResource("4_jtt6g")]
transform = Transform3D(1, 0, 0, 0, 1, 0, 0, 0, 1, 38.2857, 0, 0)

[node name="Tile24" parent="tiles/all_tiles" instance=ExtResource("4_jtt6g")]
transform = Transform3D(1, 0, 0, 0, 1, 0, 0, 0, 1, 51.0409, 0, 0)

[node name="Tile25" parent="tiles/all_tiles" instance=ExtResource("4_jtt6g")]
transform = Transform3D(1, 0, 0, 0, 1, 0, 0, 0, 1, 44.667, 0, -11.0711)

[node name="Tile26" parent="tiles/all_tiles" instance=ExtResource("4_jtt6g")]
transform = Transform3D(1, 0, 0, 0, 1, 0, 0, 0, 1, 38.2857, 0, 22.1255)

[node name="Tile27" parent="tiles/all_tiles" instance=ExtResource("4_jtt6g")]
transform = Transform3D(1, 0, 0, 0, 1, 0, 0, 0, 1, 31.9118, 0, 11.0543)

[node name="Tile30" parent="tiles/all_tiles" instance=ExtResource("4_jtt6g")]
transform = Transform3D(1, 0, 0, 0, 1, 0, 0, 0, 1, 12.7984, 0, 0)

[node name="Tile32" parent="tiles/all_tiles" instance=ExtResource("4_jtt6g")]
transform = Transform3D(1, 0, 0, 0, 1, 0, 0, 0, 1, 0.047533, 0, 22.1255)

[node name="Tile34" parent="tiles/all_tiles" instance=ExtResource("4_jtt6g")]
transform = Transform3D(1, 0, 0, 0, 1, 0, 0, 0, 1, 6.42447, 0, 11.0543)

[node name="Tile38" parent="tiles/all_tiles" instance=ExtResource("4_jtt6g")]
transform = Transform3D(1, 0, 0, 0, 1, 0, 0, 0, 1, 19.1796, 0, 33.1712)

[node name="Tile39" parent="tiles/all_tiles" instance=ExtResource("4_jtt6g")]
transform = Transform3D(1, 0, 0, 0, 1, 0, 0, 0, 1, 12.7984, 0, 44.2424)

[node name="Tile40" parent="tiles/all_tiles" instance=ExtResource("4_jtt6g")]
transform = Transform3D(1, 0, 0, 0, 1, 0, 0, 0, 1, 25.5535, 0, 44.2424)

[node name="Tile41" parent="tiles/all_tiles" instance=ExtResource("4_jtt6g")]
transform = Transform3D(1, 0, 0, 0, 1, 0, 0, 0, 1, 0.047533, 0, 66.3678)

[node name="Tile42" parent="tiles/all_tiles" instance=ExtResource("4_jtt6g")]
transform = Transform3D(1, 0, 0, 0, 1, 0, 0, 0, 1, 12.7984, 0, 66.3678)

[node name="Tile43" parent="tiles/all_tiles" instance=ExtResource("4_jtt6g")]
transform = Transform3D(1, 0, 0, 0, 1, 0, 0, 0, 1, 6.42447, 0, 55.2967)

[node name="Tile44" parent="tiles/all_tiles" instance=ExtResource("4_jtt6g")]
transform = Transform3D(1, 0, 0, 0, 1, 0, 0, 0, 1, 25.5535, 0, 66.3678)

[node name="Tile45" parent="tiles/all_tiles" instance=ExtResource("4_jtt6g")]
transform = Transform3D(1, 0, 0, 0, 1, 0, 0, 0, 1, 19.1796, 0, 55.2967)

[node name="Tile47" parent="tiles/all_tiles" instance=ExtResource("4_jtt6g")]
transform = Transform3D(1, 0, 0, 0, 1, 0, 0, 0, 1, -25.4675, 0, 66.3678)

[node name="Tile48" parent="tiles/all_tiles" instance=ExtResource("4_jtt6g")]
transform = Transform3D(1, 0, 0, 0, 1, 0, 0, 0, 1, -12.7167, 0, 66.3678)

[node name="Tile51" parent="tiles/all_tiles" instance=ExtResource("4_jtt6g")]
transform = Transform3D(1, 0, 0, 0, 1, 0, 0, 0, 1, -12.7167, 0, 44.2538)

[node name="Tile49" parent="tiles/all_tiles" instance=ExtResource("4_jtt6g")]
transform = Transform3D(1, 0, 0, 0, 1, 0, 0, 0, 1, -19.0906, 0, 55.2967)

[node name="Tile50" parent="tiles/all_tiles" instance=ExtResource("4_jtt6g")]
transform = Transform3D(1, 0, 0, 0, 1, 0, 0, 0, 1, -6.33545, 0, 55.2967)

[node name="Tile46" parent="tiles/all_tiles" instance=ExtResource("4_jtt6g")]
transform = Transform3D(1, 0, 0, 0, 1, 0, 0, 0, 1, 31.9118, 0, 55.2967)

[node name="Tile28" parent="tiles/all_tiles" instance=ExtResource("4_jtt6g")]
transform = Transform3D(1, 0, 0, 0, 1, 0, 0, 0, 1, 51.0409, 0, 22.1255)

[node name="Tile29" parent="tiles/all_tiles" instance=ExtResource("4_jtt6g")]
transform = Transform3D(1, 0, 0, 0, 1, 0, 0, 0, 1, 44.667, 0, 11.0543)

[node name="Tile52" parent="tiles/all_tiles" instance=ExtResource("4_jtt6g")]
transform = Transform3D(1, 0, 0, 0, 1, 0, 0, 0, 1, 38.2857, 0, 88.4771)

[node name="Tile53" parent="tiles/all_tiles" instance=ExtResource("4_jtt6g")]
transform = Transform3D(1, 0, 0, 0, 1, 0, 0, 0, 1, 31.9118, 0, 77.4059)

[node name="Tile54" parent="tiles/all_tiles" instance=ExtResource("4_jtt6g")]
transform = Transform3D(1, 0, 0, 0, 1, 0, 0, 0, 1, 51.0409, 0, 88.4771)

[node name="Tile55" parent="tiles/all_tiles" instance=ExtResource("4_jtt6g")]
transform = Transform3D(1, 0, 0, 0, 1, 0, 0, 0, 1, 38.2857, 0, 110.603)

[node name="Tile56" parent="tiles/all_tiles" instance=ExtResource("4_jtt6g")]
transform = Transform3D(1, 0, 0, 0, 1, 0, 0, 0, 1, 25.5535, 0, 88.4771)

[node name="Tile57" parent="tiles/all_tiles" instance=ExtResource("4_jtt6g")]
transform = Transform3D(1, 0, 0, 0, 1, 0, 0, 0, 1, 25.5535, 0, 110.603)

[node name="Tile58" parent="tiles/all_tiles" instance=ExtResource("4_jtt6g")]
transform = Transform3D(1, 0, 0, 0, 1, 0, 0, 0, 1, 19.1796, 0, 99.5314)

[node name="Tile59" parent="tiles/all_tiles" instance=ExtResource("4_jtt6g")]
transform = Transform3D(1, 0, 0, 0, 1, 0, 0, 0, 1, 31.9118, 0, 99.5314)

[node name="Tile60" parent="tiles/all_tiles" instance=ExtResource("4_jtt6g")]
transform = Transform3D(1, 0, 0, 0, 1, 0, 0, 0, 1, 44.667, 0, 99.5314)

[node name="shuffled_tiles" type="Node3D" parent="tiles"]
unique_name_in_owner = true

[node name="brick" type="Node3D" parent="tiles/shuffled_tiles"]

[node name="ore" type="Node3D" parent="tiles/shuffled_tiles"]

[node name="wheat" type="Node3D" parent="tiles/shuffled_tiles"]

[node name="wood" type="Node3D" parent="tiles/shuffled_tiles"]

[node name="wool" type="Node3D" parent="tiles/shuffled_tiles"]

[node name="Timer" type="Timer" parent="tiles"]
unique_name_in_owner = true
wait_time = 2.0

[node name="roads" type="Node3D" parent="."]

[node name="all_roads" type="Node3D" parent="roads"]
unique_name_in_owner = true
visible = false

[node name="Road" parent="roads/all_roads" instance=ExtResource("9_wtehx")]
transform = Transform3D(1, 0, 0, 0, 1, 0, 0, 0, 1, 12.8259, 0.445748, 33.2071)

[node name="Road2" parent="roads/all_roads" instance=ExtResource("9_wtehx")]
transform = Transform3D(1, 0, 0, 0, 1, 0, 0, 0, 1, 25.5724, 0.445748, 33.2071)

[node name="Road7" parent="roads/all_roads" instance=ExtResource("9_wtehx")]
transform = Transform3D(1, 0, 0, 0, 1, 0, 0, 0, 1, 19.1575, 0.445748, 44.3003)

[node name="Road8" parent="roads/all_roads" instance=ExtResource("9_wtehx")]
transform = Transform3D(1, 0, 0, 0, 1, 0, 0, 0, 1, 31.9091, 0.445748, 44.3003)

[node name="Road9" parent="roads/all_roads" instance=ExtResource("9_wtehx")]
transform = Transform3D(1, 0, 0, 0, 1, 0, 0, 0, 1, 6.45276, 0.445748, 44.3003)

[node name="Road3" parent="roads/all_roads" instance=ExtResource("9_wtehx")]
transform = Transform3D(0.5, 1.27665e-16, 0.866025, 3.48787e-16, 1, -3.48787e-16, -0.866025, 4.76452e-16, 0.5, 22.3303, 0.445748, 27.5982)

[node name="Road4" parent="roads/all_roads" instance=ExtResource("9_wtehx")]
transform = Transform3D(0.5, 1.27665e-16, 0.866025, 3.48787e-16, 1, -3.48787e-16, -0.866025, 4.76452e-16, 0.5, 16.0187, 0.445748, 38.7175)

[node name="Road10" parent="roads/all_roads" instance=ExtResource("9_wtehx")]
transform = Transform3D(0.5, 1.27665e-16, 0.866025, 3.48787e-16, 1, -3.48787e-16, -0.866025, 4.76452e-16, 0.5, 28.7234, 0.445748, 38.7175)

[node name="Road5" parent="roads/all_roads" instance=ExtResource("9_wtehx")]
transform = Transform3D(0.5, -4.76452e-16, -0.866025, 3.48787e-16, 1, -3.48787e-16, 0.866025, -1.27665e-16, 0.5, 16.0187, 0.445748, 27.6598)

[node name="Road6" parent="roads/all_roads" instance=ExtResource("9_wtehx")]
transform = Transform3D(0.5, -4.76452e-16, -0.866025, 3.48787e-16, 1, -3.48787e-16, 0.866025, -1.27665e-16, 0.5, 22.3426, 0.445748, 38.7298)

[node name="Road12" parent="roads/all_roads" instance=ExtResource("9_wtehx")]
transform = Transform3D(1, 0, 0, 0, 1, 0, 0, 0, 1, 25.5187, 0.445748, 11.0231)

[node name="Road13" parent="roads/all_roads" instance=ExtResource("9_wtehx")]
transform = Transform3D(1, 0, 0, 0, 1, 0, 0, 0, 1, 38.2652, 0.445748, 11.0231)

[node name="Road145" parent="roads/all_roads" instance=ExtResource("9_wtehx")]
transform = Transform3D(1, 0, 0, 0, 1, 0, 0, 0, 1, 51.0841, 0.445748, 11.0231)

[node name="Road14" parent="roads/all_roads" instance=ExtResource("9_wtehx")]
transform = Transform3D(0.5, 1.27665e-16, 0.866025, 3.48787e-16, 1, -3.48787e-16, -0.866025, 4.76452e-16, 0.5, 35.0231, 0.445748, 5.41416)

[node name="Road15" parent="roads/all_roads" instance=ExtResource("9_wtehx")]
transform = Transform3D(0.5, 1.27665e-16, 0.866025, 3.48787e-16, 1, -3.48787e-16, -0.866025, 4.76452e-16, 0.5, 28.7115, 0.445748, 16.5335)

[node name="Road16" parent="roads/all_roads" instance=ExtResource("9_wtehx")]
transform = Transform3D(0.5, -4.76452e-16, -0.866025, 3.48787e-16, 1, -3.48787e-16, 0.866025, -1.27665e-16, 0.5, 28.7115, 0.445748, 5.47576)

[node name="Road17" parent="roads/all_roads" instance=ExtResource("9_wtehx")]
transform = Transform3D(0.5, -4.76452e-16, -0.866025, 3.48787e-16, 1, -3.48787e-16, 0.866025, -1.27665e-16, 0.5, 35.0354, 0.445748, 16.5458)

[node name="Road18" parent="roads/all_roads" instance=ExtResource("9_wtehx")]
transform = Transform3D(1, 0, 0, 0, 1, 0, 0, 0, 1, 0.0980053, 0.445748, 11.0231)

[node name="Road19" parent="roads/all_roads" instance=ExtResource("9_wtehx")]
transform = Transform3D(1, 0, 0, 0, 1, 0, 0, 0, 1, 12.8445, 0.445748, 11.0231)

[node name="Road20" parent="roads/all_roads" instance=ExtResource("9_wtehx")]
transform = Transform3D(0.5, 1.27665e-16, 0.866025, 3.48787e-16, 1, -3.48787e-16, -0.866025, 4.76452e-16, 0.5, 9.6024, 0.445748, 5.41416)

[node name="Road21" parent="roads/all_roads" instance=ExtResource("9_wtehx")]
transform = Transform3D(0.5, 1.27665e-16, 0.866025, 3.48787e-16, 1, -3.48787e-16, -0.866025, 4.76452e-16, 0.5, 3.2908, 0.445748, 16.5335)

[node name="Road22" parent="roads/all_roads" instance=ExtResource("9_wtehx")]
transform = Transform3D(0.5, -4.76452e-16, -0.866025, 3.48787e-16, 1, -3.48787e-16, 0.866025, -1.27665e-16, 0.5, 3.2908, 0.445748, 5.47576)

[node name="Road23" parent="roads/all_roads" instance=ExtResource("9_wtehx")]
transform = Transform3D(0.5, -4.76452e-16, -0.866025, 3.48787e-16, 1, -3.48787e-16, 0.866025, -1.27665e-16, 0.5, 9.6147, 0.445748, 16.5458)

[node name="Road24" parent="roads/all_roads" instance=ExtResource("9_wtehx")]
transform = Transform3D(1, 0, 0, 0, 1, 0, 0, 0, 1, 0.0980053, 0.445748, -11.0238)

[node name="Road25" parent="roads/all_roads" instance=ExtResource("9_wtehx")]
transform = Transform3D(1, 0, 0, 0, 1, 0, 0, 0, 1, 12.8445, 0.445748, -11.0238)

[node name="Road26" parent="roads/all_roads" instance=ExtResource("9_wtehx")]
transform = Transform3D(0.5, 1.27665e-16, 0.866025, 3.48787e-16, 1, -3.48787e-16, -0.866025, 4.76452e-16, 0.5, 9.6024, 0.445748, -16.6327)

[node name="Road27" parent="roads/all_roads" instance=ExtResource("9_wtehx")]
transform = Transform3D(0.5, 1.27665e-16, 0.866025, 3.48787e-16, 1, -3.48787e-16, -0.866025, 4.76452e-16, 0.5, 3.2908, 0.445748, -5.51336)

[node name="Road28" parent="roads/all_roads" instance=ExtResource("9_wtehx")]
transform = Transform3D(0.5, -4.76452e-16, -0.866025, 3.48787e-16, 1, -3.48787e-16, 0.866025, -1.27665e-16, 0.5, 3.2908, 0.445748, -16.5711)

[node name="Road29" parent="roads/all_roads" instance=ExtResource("9_wtehx")]
transform = Transform3D(0.5, -4.76452e-16, -0.866025, 3.48787e-16, 1, -3.48787e-16, 0.866025, -1.27665e-16, 0.5, 9.6147, 0.445748, -5.50106)

[node name="Road30" parent="roads/all_roads" instance=ExtResource("9_wtehx")]
transform = Transform3D(1, 0, 0, 0, 1, 0, 0, 0, 1, 0.0980053, 0.445748, -33.1959)

[node name="Road31" parent="roads/all_roads" instance=ExtResource("9_wtehx")]
transform = Transform3D(1, 0, 0, 0, 1, 0, 0, 0, 1, 12.8445, 0.445748, -33.1959)

[node name="Road32" parent="roads/all_roads" instance=ExtResource("9_wtehx")]
transform = Transform3D(0.5, 1.27665e-16, 0.866025, 3.48787e-16, 1, -3.48787e-16, -0.866025, 4.76452e-16, 0.5, 9.6024, 0.445748, -38.8048)

[node name="Road33" parent="roads/all_roads" instance=ExtResource("9_wtehx")]
transform = Transform3D(0.5, 1.27665e-16, 0.866025, 3.48787e-16, 1, -3.48787e-16, -0.866025, 4.76452e-16, 0.5, 3.2908, 0.445748, -27.6855)

[node name="Road34" parent="roads/all_roads" instance=ExtResource("9_wtehx")]
transform = Transform3D(0.5, -4.76452e-16, -0.866025, 3.48787e-16, 1, -3.48787e-16, 0.866025, -1.27665e-16, 0.5, 3.2908, 0.445748, -38.7432)

[node name="Road35" parent="roads/all_roads" instance=ExtResource("9_wtehx")]
transform = Transform3D(0.5, -4.76452e-16, -0.866025, 3.48787e-16, 1, -3.48787e-16, 0.866025, -1.27665e-16, 0.5, 9.6147, 0.445748, -27.6732)

[node name="Road36" parent="roads/all_roads" instance=ExtResource("9_wtehx")]
transform = Transform3D(1, 0, 0, 0, 1, 0, 0, 0, 1, -19.1286, 0.445748, -22.0756)

[node name="Road37" parent="roads/all_roads" instance=ExtResource("9_wtehx")]
transform = Transform3D(1, 0, 0, 0, 1, 0, 0, 0, 1, -6.38211, 0.445748, -22.0756)

[node name="Road38" parent="roads/all_roads" instance=ExtResource("9_wtehx")]
transform = Transform3D(0.5, 1.27665e-16, 0.866025, 3.48787e-16, 1, -3.48787e-16, -0.866025, 4.76452e-16, 0.5, -9.62421, 0.445748, -27.6845)

[node name="Road39" parent="roads/all_roads" instance=ExtResource("9_wtehx")]
transform = Transform3D(0.5, 1.27665e-16, 0.866025, 3.48787e-16, 1, -3.48787e-16, -0.866025, 4.76452e-16, 0.5, -15.9358, 0.445748, -16.5652)

[node name="Road40" parent="roads/all_roads" instance=ExtResource("9_wtehx")]
transform = Transform3D(0.5, -4.76452e-16, -0.866025, 3.48787e-16, 1, -3.48787e-16, 0.866025, -1.27665e-16, 0.5, -15.9358, 0.445748, -27.6229)

[node name="Road138" parent="roads/all_roads" instance=ExtResource("9_wtehx")]
transform = Transform3D(0.5, -4.76452e-16, -0.866025, 3.48787e-16, 1, -3.48787e-16, 0.866025, -1.27665e-16, 0.5, -3.10882, 0.445748, -27.6229)

[node name="Road41" parent="roads/all_roads" instance=ExtResource("9_wtehx")]
transform = Transform3D(0.5, -4.76452e-16, -0.866025, 3.48787e-16, 1, -3.48787e-16, 0.866025, -1.27665e-16, 0.5, -9.61191, 0.445748, -16.5529)

[node name="Road42" parent="roads/all_roads" instance=ExtResource("9_wtehx")]
transform = Transform3D(1, 0, 0, 0, 1, 0, 0, 0, 1, -19.1605, 0.445748, 0.0140402)

[node name="Road43" parent="roads/all_roads" instance=ExtResource("9_wtehx")]
transform = Transform3D(1, 0, 0, 0, 1, 0, 0, 0, 1, -6.414, 0.445748, 0.0140402)

[node name="Road44" parent="roads/all_roads" instance=ExtResource("9_wtehx")]
transform = Transform3D(0.5, 1.27665e-16, 0.866025, 3.48787e-16, 1, -3.48787e-16, -0.866025, 4.76452e-16, 0.5, -9.6561, 0.445748, -5.59486)

[node name="Road45" parent="roads/all_roads" instance=ExtResource("9_wtehx")]
transform = Transform3D(0.5, 1.27665e-16, 0.866025, 3.48787e-16, 1, -3.48787e-16, -0.866025, 4.76452e-16, 0.5, -15.9677, 0.445748, 5.52444)

[node name="Road46" parent="roads/all_roads" instance=ExtResource("9_wtehx")]
transform = Transform3D(0.5, -4.76452e-16, -0.866025, 3.48787e-16, 1, -3.48787e-16, 0.866025, -1.27665e-16, 0.5, -15.9677, 0.445748, -5.53326)

[node name="Road47" parent="roads/all_roads" instance=ExtResource("9_wtehx")]
transform = Transform3D(0.5, -4.76452e-16, -0.866025, 3.48787e-16, 1, -3.48787e-16, 0.866025, -1.27665e-16, 0.5, -9.6438, 0.445748, 5.53674)

[node name="Road48" parent="roads/all_roads" instance=ExtResource("9_wtehx")]
transform = Transform3D(1, 0, 0, 0, 1, 0, 0, 0, 1, 44.701, 0.445748, 0.0140402)

[node name="Road49" parent="roads/all_roads" instance=ExtResource("9_wtehx")]
transform = Transform3D(1, 0, 0, 0, 1, 0, 0, 0, 1, 57.4475, 0.445748, 0.0140402)

[node name="Road50" parent="roads/all_roads" instance=ExtResource("9_wtehx")]
transform = Transform3D(0.5, 1.27665e-16, 0.866025, 3.48787e-16, 1, -3.48787e-16, -0.866025, 4.76452e-16, 0.5, 54.2054, 0.445748, -5.59486)

[node name="Road51" parent="roads/all_roads" instance=ExtResource("9_wtehx")]
transform = Transform3D(0.5, 1.27665e-16, 0.866025, 3.48787e-16, 1, -3.48787e-16, -0.866025, 4.76452e-16, 0.5, 47.8938, 0.445748, 5.52444)

[node name="Road52" parent="roads/all_roads" instance=ExtResource("9_wtehx")]
transform = Transform3D(0.5, -4.76452e-16, -0.866025, 3.48787e-16, 1, -3.48787e-16, 0.866025, -1.27665e-16, 0.5, 47.8938, 0.445748, -5.53326)

[node name="Road53" parent="roads/all_roads" instance=ExtResource("9_wtehx")]
transform = Transform3D(0.5, -4.76452e-16, -0.866025, 3.48787e-16, 1, -3.48787e-16, 0.866025, -1.27665e-16, 0.5, 54.2177, 0.445748, 5.53674)

[node name="Road54" parent="roads/all_roads" instance=ExtResource("9_wtehx")]
